10219 658
10324 659
10429 659
10534 659
10639 658
10744 659
10849 658
10954 656
11059 657
11164 658
11269 657
11374 659
11479 658
11584 653
11689 671
11794 767
11899 907
12004 0
12109 0
12214 0
12319 0
12424 0
12529 248
12634 572
12739 894
12844 0
12949 0
13054 0
13159 102
13264 464
13369 824
13474 0
13579 0
13684 0
13789 112
13894 488
13999 857
14104 0
14209 0
14314 0
14419 173
14524 557
14629 925
14734 0
14839 0
14944 0
15049 250
15154 634
15259 1001
15364 0
15469 0
15574 0
15679 334
15784 716
15889 1013
15994 0
16099 0
16204 43
16309 420
16414 795
16519 0
16624 0
16729 0
16834 124
16939 506
17044 881
17149 0
17254 0
17359 0
17464 207
17569 591
17674 957
17779 0
17884 0
17989 0
18094 292
18199 674
18304 1019
18409 0
18514 0
18619 0
18724 0
18829 15
18934 119
19039 194
19144 252
19249 296
19354 324
19459 340
19564 349
19669 347
19774 347
19879 348
19984 348
20089 348
20194 349
20299 347
20404 347
20509 344
20614 345
20719 348
20824 346
20929 347
21034 347
21139 347
21244 347
21349 348
21454 346
21559 348
21664 346
21769 346
21874 346
21979 345
22084 347
22189 347
22294 345
22399 347
22504 347
22609 346
22714 347
22819 348
22924 347
23029 347
23134 346
23239 346
23344 345
23449 345
23554 347
23659 346
23764 347
23869 348
23974 347
24079 347
24184 347
24289 346
24394 348
24499 346
24604 345
24709 346
24814 347
24919 346
25024 345
25129 363
25234 458
25339 602
25444 781
25549 991
25654 0
25759 0
25864 0
25969 0
26074 238
26179 573
26284 904
26389 0
26494 0
26599 0
26704 130
26809 495
26914 857
27019 0
27124 0
27229 0
27334 152
27439 529
27544 899
27649 0
27754 0
27859 0
27964 217
28069 600
28174 967
28279 0
28384 0
28489 0
28594 296
28699 675
28804 1017
28909 0
29014 0
29119 2
29224 379
29329 757
29434 0
29539 0
29644 0
29749 85
29854 466
29959 838
30064 0
30169 0
30274 0
30379 167
30484 549
30589 920
30694 0
30799 0
30904 0
31009 252
31114 634
31219 1002
31324 0
31429 0
31534 0
31639 334
31744 719
31849 1023
31954 0
32059 0
32164 0
32269 0
32374 0
32479 0
32584 0
32689 0
