105 700
210 698
315 701
420 698
525 701
630 699
735 698
840 697
945 699
1050 698
1155 698
1260 702
1365 700
1470 698
1575 699
1680 700
1785 699
1890 698
1995 697
2100 696
2205 699
2310 699
2415 703
2520 699
2625 700
2730 700
2835 698
2940 699
3045 699
3150 698
3255 699
3360 700
3465 698
3570 699
3675 699
3780 700
3885 699
3990 701
4095 701
4200 697
4305 698
4410 698
4515 699
4620 698
4725 699
4830 698
4935 700
5040 699
5145 700
5250 699
5355 700
5460 700
5565 698
5670 698
5775 697
5880 700
5985 699
6090 700
6195 698
6300 698
6405 699
6510 699
6615 702
6720 699
6825 450
6930 0
7035 924
7140 0
7245 0
7350 0
7455 0
7560 0
7665 519
7770 0
7875 0
7980 0
8085 0
8190 0
8295 0
8400 0
8505 0
8610 0
8715 0
8820 199
8925 0
9030 0
9135 0
9240 0
9345 25
9450 0
9555 0
9660 50
9765 480
9870 0
9975 0
10080 0
10185 0
10290 0
10395 482
10500 551
10605 601
10710 632
10815 656
10920 669
11025 678
11130 685
11235 690
11340 692
11445 693
11550 694
11655 695
11760 695
11865 696
11970 699
12075 698
12180 699
12285 699
12390 697
12495 696
12600 698
12705 697
12810 699
12915 699
13020 699
13125 700
13230 701
13335 701
13440 698
13545 453
13650 276
13755 164
13860 90
13965 41
14070 8
14175 0
14280 0
14385 0
14490 0
14595 0
14700 1
14805 0
14910 0
15015 0
15120 0
15225 0
15330 0
15435 0
15540 0
15645 0
15750 1
15855 0
15960 0
16065 1
16170 2
16275 0
16380 0
16485 0
16590 0
16695 0
16800 2
16905 224
17010 0
17115 1014
17220 552
17325 600
17430 632
17535 655
17640 669
17745 680
17850 683
17955 688
18060 692
18165 693
18270 696
18375 697
18480 698
18585 698
18690 699
18795 700
18900 700
19005 699
19110 700
19215 699
19320 697
19425 697
19530 698
19635 695
19740 698
19845 699
19950 699
20055 700
20160 699
20265 454
20370 281
20475 169
20580 88
20685 37
20790 0
20895 0
21000 0
21105 0
21210 1
21315 0
21420 0
21525 0
21630 1
21735 0
21840 0
21945 0
22050 0
