105 499
210 0
315 0
420 0
525 0
630 0
735 0
840 515
945 0
1050 0
1155 0
1260 0
1365 0
1470 0
1575 0
1680 161
1785 507
1890 251
1995 0
2100 0
2205 507
2310 0
2415 0
2520 0
2625 0
2730 0
2835 0
2940 53
3045 499
3150 0
3255 435
3360 0
3465 0
3570 0
3675 0
3780 0
3885 0
3990 0
4095 0
4200 0
4305 0
4410 0
4515 0
4620 0
4725 0
4830 0
4935 0
5040 0
5145 0
5250 345
5355 0
5460 0
5565 163
5670 83
5775 0
5880 0
5985 0
6090 0
6195 0
6300 0
6405 0
6510 0
6615 0
6720 0
6825 0
6930 366
7035 0
7140 234
7245 0
7350 0
7455 0
7560 550
7665 578
7770 601
7875 619
7980 633
8085 644
8190 655
8295 662
8400 668
8505 673
8610 678
8715 680
8820 686
8925 688
9030 692
9135 691
9240 693
9345 693
9450 697
9555 697
9660 696
9765 697
9870 696
9975 697
10080 698
10185 699
10290 697
10395 698
10500 698
10605 700
10710 701
10815 699
10920 702
11025 697
11130 697
11235 699
11340 700
11445 697
11550 698
11655 699
11760 700
11865 699
11970 699
12075 700
12180 698
12285 700
12390 698
12495 699
12600 697
12705 697
12810 699
12915 700
13020 699
13125 698
13230 700
13335 700
13440 697
13545 570
13650 450
13755 355
13860 278
13965 218
14070 165
14175 121
14280 89
14385 61
14490 38
14595 18
14700 4
14805 0
14910 0
15015 0
15120 0
15225 0
15330 0
15435 0
15540 0
15645 0
15750 0
15855 1
15960 0
16065 1
16170 3
16275 1
16380 1
16485 0
16590 0
16695 0
16800 0
16905 0
17010 1
17115 0
17220 1
17325 0
17430 0
17535 1
17640 0
17745 1
17850 0
17955 0
18060 0
18165 0
18270 0
18375 0
18480 0
18585 0
18690 0
18795 0
18900 0
19005 1
19110 1
19215 0
19320 0
19425 0
19530 0
19635 0
19740 0
19845 0
19950 0
20055 0
20160 4
20265 0
20370 0
20475 1023
20580 0
20685 0
20790 33
20895 518
21000 550
21105 577
21210 599
21315 616
21420 631
21525 644
21630 655
21735 662
21840 670
21945 673
22050 673
22155 679
22260 684
22365 687
22470 690
22575 691
22680 692
22785 693
22890 695
22995 697
23100 697
23205 699
23310 695
23415 697
23520 696
23625 697
23730 697
23835 697
23940 697
24045 698
24150 699
24255 700
24360 701
24465 699
24570 700
24675 698
24780 696
24885 697
24990 699
25095 698
25200 698
25305 698
25410 698
25515 699
25620 698
25725 699
25830 699
25935 698
26040 696
26145 697
26250 699
26355 697
26460 697
26565 698
26670 700
26775 697
26880 698
26985 564
27090 451
27195 0
27300 1023
27405 0
27510 0
27615 0
27720 0
27825 0
27930 0
28035 0
28140 0
28245 0
28350 0
28455 0
28560 0
28665 443
28770 0
28875 0
28980 0
29085 513
29190 0
29295 19
29400 0
29505 0
29610 0
29715 49
29820 387
29925 0
30030 0
30135 411
30240 0
30345 0
30450 0
30555 0
30660 0
30765 0
30870 483
30975 515
31080 0
31185 235
31290 0
31395 0
31500 467
31605 195
31710 0
31815 0
31920 0
32025 0
32130 0
32235 0
32340 0
32445 0
32550 0
32655 210
32760 0
