16553 1023
16658 55
16763 128
16868 217
16973 327
17078 450
17183 584
17288 731
17393 882
17498 1023
17603 114
17708 279
17813 453
17918 626
18023 807
18128 984
18233 80
18338 256
18443 443
18548 626
18653 811
18758 994
18863 95
18968 279
19073 467
19178 653
19283 843
19388 1023
19493 128
19598 313
19703 504
19808 691
19913 879
20018 1023
20123 168
20228 353
20333 542
20438 730
20543 919
20648 40
20753 207
20858 395
20963 584
21068 775
21173 963
21278 62
21383 248
21488 439
21593 624
21698 814
21803 999
21908 104
22013 288
22118 480
22223 666
22328 857
22433 1023
22538 146
22643 332
22748 523
22853 710
22958 899
23063 1023
23168 186
23273 368
23378 502
23483 608
23588 693
23693 757
23798 810
23903 849
24008 875
24113 899
24218 908
24323 914
24428 917
24533 917
24638 917
24743 916
24848 917
24953 918
25058 917
25163 917
25268 918
25373 917
25478 918
25583 918
25688 917
25793 916
25898 916
26003 916
26108 917
26213 918
26318 918
26423 917
26528 918
26633 917
26738 918
26843 921
26948 917
27053 916
27158 917
27263 917
27368 917
27473 918
27578 917
27683 918
27788 917
27893 917
27998 918
28103 918
28208 919
28313 918
28418 917
28523 918
28628 917
28733 916
28838 917
28943 916
29048 916
29153 917
29258 918
29363 919
29468 918
29573 919
29678 917
29783 916
29888 915
29993 925
30098 971
30203 1023
30308 58
30413 0
30518 0
30623 0
30728 570
30833 723
30938 885
31043 1023
31148 130
31253 297
31358 474
31463 649
31568 831
31673 1009
31778 107
31883 285
31988 474
32093 657
32198 845
32303 1023
32408 129
32513 311
32618 500
32723 687
